function:a+bx^p+clog(x+d)
average_RMS:0.03996316054868518
average_std:0.026936282518574616