function:a + b(cx+d)^p
average_RMS:0.06696030782963867
average_std:0.045114942934153995