function:a+b(cx+d)^p+e*log(x)
average_RMS:0.07979897063873154
average_std:0.0581769607235297