function:ax^p+bx^q
average_RMS:0.07877515005644514
average_std:0.05384832003433436