function:a + b(2x-1)^(1/3)
average_RMS:0.11405533604401814
average_std:0.06798741138403278