function:a + b(2x-1)^p
average_RMS:0.07733002353298714
average_std:0.051611744676793254