function:p1+(p2*x)^p3
average_RMS:0.08025004251641267
average_std:0.05398056252606891
