function:a + bx^p + cx^q
average_RMS:0.060403832434312195
average_std:0.04214755694245308