function:a + bx^p + x^q
average_RMS:0.09858549856875708
average_std:0.07280405287215345