function:a + bx^p + cx^q + d*log(x)
average_RMS:0.044985924106185834
average_std:0.03244490822600441