function:a + bx^p + c*log(x)
average_RMS:0.049572839853956795
average_std:0.03512969883176918