function:a + bx^p + cx^q + d*log(x+e)
average_RMS:0.04976946138816388
average_std:0.036974394951668384