function:a + bx^p + c*log(x+d)
average_RMS:0.05930404796224773
average_std:0.041944671919044246