function:(p1+p2*x)^p3
average_RMS:0.09014738787266682
average_std:0.05775049058709063
