function:(p*x)^0.35076971
average_RMS:0.17663392580765533
average_std:0.09785139311256785
