function:(p1*x)^p2
average_RMS:0.0989927106846727
average_std:0.06459272014151707
