function:(p*x)^1/3
average_RMS:0.1816466466437892
average_std:0.10337877286029697
